612473
110379542
6138972
759251
428333
9245812
6860232
106348473
69375238
77714053
110458336
13850422
807095
1766701
66452682
15451136
1879831
16929349
1440641
1775731
1435461
14434070
1774391
22411875
1769551
16929600
15222806
16929559
1877831
14434063
14434011
1880781
19661363
17001646
19787000
21224656
16929396
73223196
17003056
17001524
16953844
16929520
1766701
1767741
17026981
17026297
17001043
16929282
16955870
16956234
16956424
16929216
21201280
7267562
123667383
7400702
742143
621573
621583
621543
621523
